320.00000 
279.72470 
256.00000 
244.51846 
228.00000 
216.00000 
205.00000 
195.00000 
185.81000 
163.32556 
142.76935 
128.00000 
109.09294 
95.36247 
90.56700 
83.36012 
76.19000 
72.86839 
63.00000 
55.68020 
48.67228 
45.28300 
42.54637 
37.19147 
32.00000 
28.41875 
24.84196 
22.64200 
21.71534 
18.98224 
16.00000 
14.50471 
12.67915 
11.32100 
9.68839 
8.00000 
7.40309 
6.47134 
5.66040 
4.94488 
4.00000 
3.77848 
3.30292 
2.88722 
2.52383 
2.20618 
2.00000 
1.68579 
1.47361 
1.28814 
1.00000 
0.98430 
0.86041 
0.70755 
0.65746 
0.57471 
0.50000 
0.43915 
0.38388 
0.35378 
0.29333 
0.25641 
0.22414 
0.19593 
0.17698 
0.14971 
0.13087 
0.11440 
0.10000 
0.08741 
0.05 